- OS: Windows-10-10.0.26100-SP0 10.0.26100
- Python: 3.11.9
- Stable-Baselines3: 2.7.1
- PyTorch: 2.10.0+cpu
- GPU Enabled: False
- Numpy: 2.4.2
- Cloudpickle: 3.1.2
- Gymnasium: 1.2.3
